training time: 16600 seconds = ~4.5hrs

RandomForestClassifier(verbose=100, n_jobs=-1, n_estimators=20)

                precision    recall  f1-score   support

           0       0.55      0.41      0.47       843
           1       0.57      0.44      0.50       499
           2       0.42      0.25      0.31       386
           3       0.27      0.14      0.18       648
           4       0.30      0.15      0.20       881
           5       0.31      0.18      0.23       327
           6       0.29      0.16      0.21       370
           7       0.38      0.21      0.27       489
           8       0.28      0.16      0.20       184
           9       0.23      0.10      0.13       431
          10       0.35      0.17      0.23       581
          11       0.43      0.20      0.27       303
          12       0.25      0.12      0.16       122
          13       0.25      0.12      0.16       294
          14       0.52      0.36      0.42       184
          15       0.83      0.73      0.78       595
          16       0.15      0.05      0.08        38
          17       0.38      0.22      0.28       420
          18       0.63      0.49      0.55       430
          19       0.26      0.12      0.16        83
          20       0.40      0.27      0.32       417
          21       0.15      0.08      0.10        52
          22       0.23      0.10      0.14       438
          23       0.17      0.08      0.11        64
          24       0.50      0.28      0.36       135
          25       0.41      0.24      0.30       325
          26       0.42      0.24      0.31       288
          27       0.52      0.45      0.48      2726

   micro avg       0.46      0.30      0.36     12553
   macro avg       0.37      0.23      0.28     12553
weighted avg       0.43      0.30      0.35     12553
 samples avg       0.33      0.32      0.31     12553

Hamming Loss:  0.0453
